1 51074U 22002CU  22018.63976129  .00005793  00000-0  31877-3 0  9992
2 51074  97.5269  88.2628 0013258 250.6199 109.3600 15.14370988   760
1 51074U 22002CU  22018.63976129  .00005793  00000-0  31877-3 0  9992
2 51074  97.5269  88.2628 0013258 250.6199 109.3600 15.14370988   760
1 51074U 22002CU  22019.96127189  .00006049  00000-0  33251-3 0  9996
2 51074  97.5263  89.5698 0013346 245.6357 114.3482 15.14388295   969
1 51074U 22002CU  22019.96127189  .00006049  00000-0  33251-3 0  9996
2 51074  97.5263  89.5698 0013346 245.6357 114.3482 15.14388295   969
1 51074U 22002CU  22020.62202307  .00004756  00000-0  26219-3 0  9996
2 51074  97.5260  90.2231 0013410 243.2112 116.7748 15.14393117  1065
1 51074U 22002CU  22020.95239701  .00004734  00000-0  26095-3 0  9998
2 51074  97.5259  90.5499 0013415 241.9894 117.9981 15.14396913  1114
1 51074U 22002CU  22021.74529315  .00004760  00000-0  26233-3 0  9992
2 51074  97.5257  91.3339 0013473 239.0943 120.8965 15.14404512  1234
1 51074U 22002CU  22021.87744207  .00004981  00000-0  27430-3 0  9990
2 51074  97.5257  91.4645 0013460 238.5606 121.4310 15.14406297  1256
1 51074U 22002CU  22022.27388778  .00005555  00000-0  30542-3 0  9998
2 51074  97.5257  91.8566 0013481 237.0904 122.9031 15.14411772  1317
1 51074U 22002CU  22022.93462891  .00005185  00000-0  28529-3 0  9991
2 51074  97.5256  92.5100 0013507 234.5730 125.4241 15.14417337  1411
1 51074U 22002CU  22023.19892426  .00005509  00000-0  30288-3 0  9996
2 51074  97.5256  92.7714 0013518 233.5887 126.4099 15.14421091  1456
1 51074U 22002CU  22023.52929307  .00005225  00000-0  28743-3 0  9990
2 51074  97.5256  93.0981 0013532 232.3151 127.6854 15.14423826  1509
1 51074U 22002CU  22023.85966091  .00005139  00000-0  28273-3 0  9999
2 51074  97.5256  93.4248 0013541 231.0679 128.9347 15.14427395  1551
1 51074U 22002CU  22024.38824821  .00004444  00000-0  24495-3 0  9992
2 51074  97.5257  93.9476 0013569 229.0416 130.9642 15.14431215  1632
1 51074U 22002CU  22024.52039462  .00004285  00000-0  23634-3 0  9994
2 51074  97.5257  94.0783 0013576 228.5556 131.4510 15.14432411  1653
1 51074U 22002CU  22024.91683349  .00003886  00000-0  21467-3 0  9994
2 51074  97.5257  94.4704 0013597 227.0607 132.9485 15.14435543  1717
1 51074U 22002CU  22025.44541745  .00004202  00000-0  23177-3 0  9999
2 51074  97.5257  94.9932 0013630 225.0636 134.9491 15.14441244  1795
1 51074U 22002CU  22025.51148982  .00004646  00000-0  25586-3 0  9991
2 51074  97.5257  95.0585 0013628 224.8180 135.1952 15.14443357  1803
1 51074U 22002CU  22025.90792630  .00004789  00000-0  26358-3 0  9995
2 51074  97.5257  95.4506 0013650 223.3207 136.6952 15.14447504  1869
1 51074U 22002CU  22026.50257868  .00004877  00000-0  26827-3 0  9990
2 51074  97.5256  96.0388 0013685 221.0300 138.9903 15.14453666  1957
1 51074U 22002CU  22026.76686801  .00004578  00000-0  25207-3 0  9990
2 51074  97.5257  96.3002 0013712 220.1415 139.8805 15.14455816  1996
1 51074U 22002CU  22026.89901254  .00004313  00000-0  23770-3 0  9996
2 51074  97.5257  96.4310 0013729 219.6710 140.3518 15.14456560  2017
1 51074U 22002CU  22027.49366114  .00004134  00000-0  22795-3 0  9990
2 51074  97.5257  97.0191 0013779 217.5948 142.4322 15.14462282  2100
1 51074U 22002CU  22027.82402066  .00004088  00000-0  22541-3 0  9991
2 51074  97.5257  97.3459 0013809 216.4468 143.5825 15.14465418  2158
1 51074U 22002CU  22027.89009236  .00004586  00000-0  25242-3 0  9994
2 51074  97.5257  97.4112 0013814 216.2081 143.8217 15.14467096  2163
1 51074U 22002CU  22028.55080887  .00004406  00000-0  24258-3 0  9996
2 51074  97.5256  98.0647 0013879 213.9067 146.1279 15.14473057  2260
1 51074U 22002CU  22028.81509447  .00004629  00000-0  25466-3 0  9992
2 51074  97.5256  98.3261 0013887 212.9209 147.1159 15.14476258  2300
1 51074U 22002CU  22029.14545102  .00004903  00000-0  26949-3 0  9999
2 51074  97.5256  98.6529 0013921 211.7968 148.2424 15.14480027  2359
1 51074U 22002CU  22029.54187690  .00006823  00000-0  37341-3 0  9998
2 51074  97.5255  99.0450 0013952 210.4185 149.6239 15.14488485  2419
1 51074U 22002CU  22029.87223133  .00006618  00000-0  36225-3 0  9999
2 51074  97.5256  99.3717 0013975 209.2245 150.8206 15.14491922  2460
1 51074U 22002CU  22030.20258437  .00006509  00000-0  35633-3 0  9994
2 51074  97.5255  99.6984 0013989 208.0197 152.0283 15.14496305  2511
1 51074U 22002CU  22030.59900664  .00007239  00000-0  39574-3 0  9991
2 51074  97.5256 100.0905 0014015 206.6306 153.4208 15.14503224  2576
1 51074U 22002CU  22030.92935773  .00006967  00000-0  38100-3 0  9998
2 51074  97.5254 100.4171 0014038 205.2903 154.7643 15.14507057  2627
1 51074U 22002CU  22031.45791660  .00009830  00000-0  53569-3 0  9990
2 51074  97.5253 100.9399 0014059 203.3288 156.7307 15.14519441  2709
1 51074U 22002CU  22031.45791660  .00009830  00000-0  53569-3 0  9990
2 51074  97.5253 100.9399 0014059 203.3288 156.7307 15.14519441  2709
1 51074U 22002CU  22031.85433381  .00011004  00000-0  59900-3 0  9998
2 51074  97.5252 101.3319 0014084 201.8610 158.2022 15.14527263  2763
1 51074U 22002CU  22032.44895666  .00009548  00000-0  52021-3 0  9999
2 51074  97.5249 101.9200 0014131 199.6447 160.4242 15.14534435  2857
1 51074U 22002CU  22032.84537087  .00006075  00000-0  33243-3 0  9990
2 51074  97.5247 102.3120 0014164 198.1840 161.8887 15.14534393  2918
1 51074U 22002CU  22033.17571472  .00007411  00000-0  40463-3 0  9990
2 51074  97.5244 102.6386 0014187 197.0123 163.0635 15.14540981  2969
1 51074U 22002CU  22033.43998895  .00007586  00000-0  41404-3 0  9990
2 51074  97.5243 102.8999 0014215 196.0717 164.0066 15.14544825  3006
1 51074U 22002CU  22033.83639952  .00006604  00000-0  36089-3 0  9993
2 51074  97.5241 103.2919 0014252 194.8545 165.2270 15.14548388  3061
1 51074U 22002CU  22034.49708083  .00005677  00000-0  31072-3 0  9994
2 51074  97.5237 103.9452 0014320 192.5694 167.5183 15.14555130  3163
1 51074U 22002CU  22034.49708083  .00005677  00000-0  31072-3 0  9994
2 51074  97.5237 103.9452 0014320 192.5694 167.5183 15.14555130  3163
1 51074U 22002CU  22035.42202508  .00008937  00000-0  48657-3 0  9998
2 51074  97.5233 104.8599 0014400 189.4946 170.6016 15.14575297  3307
1 51074U 22002CU  22035.48809203  .00009131  00000-0  49701-3 0  9997
2 51074  97.5232 104.9251 0014410 189.2899 170.8069 15.14576914  3316
1 51074U 22002CU  22035.88449272  .00011446  00000-0  62172-3 0  9996
2 51074  97.5230 105.3171 0014432 188.0018 172.0986 15.14588245  3372
1 51074U 22002CU  22036.41302309  .00011587  00000-0  62907-3 0  9997
2 51074  97.5229 105.8397 0014480 186.2345 173.8709 15.14600115  3453
1 51074U 22002CU  22036.74335301  .00010420  00000-0  56610-3 0  9990
2 51074  97.5229 106.1664 0014497 185.1033 175.0053 15.14605402  3500
1 51074U 22002CU  22037.40400765  .00009676  00000-0  52578-3 0  9991
2 51074  97.5228 106.8197 0014534 182.9074 177.2075 15.14618757  3605
1 51074U 22002CU  22037.73433344  .00009200  00000-0  50005-3 0  9992
2 51074  97.5229 107.1465 0014560 181.6719 178.4466 15.14624370  3659
1 51074U 22002CU  22038.19678728  .00008186  00000-0  44532-3 0  9990
2 51074  97.5229 107.6038 0014613 179.9843 180.1392 15.14631217  3721
1 51074U 22002CU  22038.46104588  .00007823  00000-0  42571-3 0  9996
2 51074  97.5230 107.8653 0014610 179.0379 181.0884 15.14634798  3767
1 51074U 22002CU  22038.72530385  .00007068  00000-0  38493-3 0  9992
2 51074  97.5231 108.1266 0014652 178.0177 182.1115 15.14637870  3801
1 51074U 22002CU  22039.45200918  .00007337  00000-0  39933-3 0  9998
2 51074  97.5232 108.8454 0014727 175.3574 184.7797 15.14649315  3915
1 51074U 22002CU  22039.45200918  .00007337  00000-0  39933-3 0  9998
2 51074  97.5232 108.8454 0014727 175.3574 184.7797 15.14649315  3915
1 51074U 22002CU  22039.71626465  .00006916  00000-0  37661-3 0  9994
2 51074  97.5232 109.1068 0014757 174.4148 185.7251 15.14652483  3950
1 51074U 22002CU  22040.44296318  .00007406  00000-0  40283-3 0  9995
2 51074  97.5232 109.8256 0014814 171.9190 188.2284 15.14663618  4068
1 51074U 22002CU  22040.70721620  .00007203  00000-0  39189-3 0  9991
2 51074  97.5232 110.0870 0014847 171.0032 189.1469 15.14667031  4109
1 51074U 22002CU  22041.43390812  .00007718  00000-0  41948-3 0  9994
2 51074  97.5231 110.8058 0014900 168.6692 191.4878 15.14677801  4216
1 51074U 22002CU  22041.76422101  .00008100  00000-0  43995-3 0  9997
2 51074  97.5230 111.1324 0014915 167.7375 192.4223 15.14683061  4264
1 51074U 22002CU  22041.76422101  .00008100  00000-0  43995-3 0  9997
2 51074  97.5230 111.1324 0014915 167.7375 192.4223 15.14683061  4264
1 51074U 22002CU  22042.42484096  .00011518  00000-0  62349-3 0  9993
2 51074  97.5229 111.7859 0014960 165.5803 194.5859 15.14700617  4369
1 51074U 22002CU  22042.75514908  .00010348  00000-0  56052-3 0  9999
2 51074  97.5229 112.1125 0014984 164.5498 195.6194 15.14705475  4412
1 51074U 22002CU  22043.15151659  .00010950  00000-0  59274-3 0  9992
2 51074  97.5228 112.5044 0015004 163.3531 196.8196 15.14714630  4478
1 51074U 22002CU  22043.15151659  .00010950  00000-0  59274-3 0  9992
2 51074  97.5228 112.5044 0015004 163.3531 196.8196 15.14714630  4478
1 51074U 22002CU  22043.74606316  .00009513  00000-0  51535-3 0  9997
2 51074  97.5228 113.0924 0015041 161.4887 198.6895 15.14726226  4565
1 51074U 22002CU  22044.47272472  .00010318  00000-0  55831-3 0  9998
2 51074  97.5227 113.8113 0015044 159.0101 201.1752 15.14742402  4675
1 51074U 22002CU  22044.47272472  .00010318  00000-0  55831-3 0  9998
2 51074  97.5227 113.8113 0015044 159.0101 201.1752 15.14742402  4675
1 51074U 22002CU  22045.13332063  .00009226  00000-0  49952-3 0  9998
2 51074  97.5227 114.4645 0015070 156.8052 203.3863 15.14754510  4772
1 51074U 22002CU  22045.72785262  .00007241  00000-0  39285-3 0  9999
2 51074  97.5226 115.0525 0015135 154.7230 205.4746 15.14762207  4867
1 51074U 22002CU  22045.72785262  .00007241  00000-0  39285-3 0  9999
2 51074  97.5226 115.0525 0015135 154.7230 205.4746 15.14762207  4867
1 51074U 22002CU  22046.45449818  .00006538  00000-0  35494-3 0  9990
2 51074  97.5224 115.7712 0015219 152.1277 208.0774 15.14772822  4972
1 51074U 22002CU  22046.71873181  .00005963  00000-0  32407-3 0  9995
2 51074  97.5224 116.0325 0015233 151.2977 208.9096 15.14775883  5011
1 51074U 22002CU  22047.18113933  .00005284  00000-0  28753-3 0  9994
2 51074  97.5222 116.4899 0015284 149.7471 210.4646 15.14780960  5084
1 51074U 22002CU  22047.44537138  .00005611  00000-0  30506-3 0  9993
2 51074  97.5221 116.7512 0015328 148.8238 211.3906 15.14784754  5127
1 51074U 22002CU  22047.70960259  .00006290  00000-0  34145-3 0  9993
2 51074  97.5219 117.0125 0015339 148.0055 212.2111 15.14789570  5162
1 51074U 22002CU  22048.10594855  .00006813  00000-0  36946-3 0  9995
2 51074  97.5217 117.4046 0015380 146.7417 213.4785 15.14795290  5222
1 51074U 22002CU  22048.76652192  .00005579  00000-0  30317-3 0  9990
2 51074  97.5213 118.0577 0015403 144.6795 215.5460 15.14801864  5325
1 51074U 22002CU  22048.76652192  .00005579  00000-0  30317-3 0  9990
2 51074  97.5213 118.0577 0015403 144.6795 215.5460 15.14801864  5325
1 51074U 22002CU  22049.36103501  .00005350  00000-0  29085-3 0  9999
2 51074  97.5210 118.6457 0015429 142.8059 217.4244 15.14808922  5419
1 51074U 22002CU  22049.75737593  .00005263  00000-0  28615-3 0  9997
2 51074  97.5207 119.0376 0015425 141.5946 218.6387 15.14813346  5470
1 51074U 22002CU  22050.15371531  .00005639  00000-0  30623-3 0  9998
2 51074  97.5206 119.4295 0015442 140.3445 219.8920 15.14818845  5535
1 51074U 22002CU  22050.48399696  .00006718  00000-0  36406-3 0  9990
2 51074  97.5204 119.7561 0015447 139.2858 220.9532 15.14824742  5582
1 51074U 22002CU  22050.81427774  .00006756  00000-0  36605-3 0  9999
2 51074  97.5203 120.0826 0015445 138.3253 221.9159 15.14828532  5630
1 51074U 22002CU  22051.47483612  .00007610  00000-0  41168-3 0  9995
2 51074  97.5201 120.7359 0015471 136.2232 224.0229 15.14838961  5739
1 51074U 22002CU  22051.47483612  .00007610  00000-0  41168-3 0  9995
2 51074  97.5201 120.7359 0015471 136.2232 224.0229 15.14838961  5739
1 51074U 22002CU  22051.87116916  .00006721  00000-0  36399-3 0  9991
2 51074  97.5202 121.1278 0015495 134.8756 225.3737 15.14843293  5794
1 51074U 22002CU  22052.72988535  .00006453  00000-0  34952-3 0  9995
2 51074  97.5201 121.9771 0015553 132.0913 228.1644 15.14855912  5923
1 51074U 22002CU  22052.92804980  .00007168  00000-0  38778-3 0  9992
2 51074  97.5201 122.1731 0015566 131.3878 228.8695 15.14859554  5950
1 51074U 22002CU  22053.45648597  .00006453  00000-0  34944-3 0  9998
2 51074  97.5201 122.6958 0015603 129.6246 230.6366 15.14865895  6038
1 51074U 22002CU  22053.85281171  .00006057  00000-0  32816-3 0  9999
2 51074  97.5202 123.0878 0015640 128.3320 231.9321 15.14870849  6091
1 51074U 22002CU  22054.11702802  .00006089  00000-0  32985-3 0  9990
2 51074  97.5202 123.3492 0015652 127.5099 232.7559 15.14874391  6136
1 51074U 22002CU  22054.44729757  .00005678  00000-0  30780-3 0  9998
2 51074  97.5201 123.6759 0015681 126.4279 233.8401 15.14877912  6189
1 51074U 22002CU  22054.71151264  .00005409  00000-0  29337-3 0  9998
2 51074  97.5201 123.9373 0015707 125.5913 234.6786 15.14881041  6226
1 51074U 22002CU  22055.17388743  .00005605  00000-0  30381-3 0  9992
2 51074  97.5201 124.3946 0015727 124.1100 236.1627 15.14887501  6297
1 51074U 22002CU  22055.43810067  .00005703  00000-0  30903-3 0  9999
2 51074  97.5201 124.6560 0015734 123.3045 236.9696 15.14890956  6336
1 51074U 22002CU  22055.76836685  .00005245  00000-0  28446-3 0  9999
2 51074  97.5201 124.9826 0015742 122.2722 238.0038 15.14894148  6388
1 51074U 22002CU  22056.42889648  .00005262  00000-0  28534-3 0  9997
2 51074  97.5201 125.6360 0015711 120.2717 240.0072 15.14901678  6486
1 51074U 22002CU  22056.82521301  .00004936  00000-0  26785-3 0  9993
2 51074  97.5201 126.0280 0015696 119.0880 241.1926 15.14905366  6546
1 51074U 22002CU  22057.41968557  .00005242  00000-0  28416-3 0  9991
2 51074  97.5201 126.6160 0015691 117.2398 243.0435 15.14912200  6639
1 51074U 22002CU  22057.74994710  .00005568  00000-0  30158-3 0  9994
2 51074  97.5200 126.9426 0015692 116.2232 244.0616 15.14916293  6686
1 51074U 22002CU  22057.88205134  .00004932  00000-0  26756-3 0  9997
2 51074  97.5200 127.0733 0015702 115.7921 244.4933 15.14916580  6708
1 51074U 22002CU  22058.14625979  .00004936  00000-0  26776-3 0  9996
2 51074  97.5200 127.3346 0015702 114.9634 245.3231 15.14919413  6746
1 51074U 22002CU  22058.74072612  .00007333  00000-0  39577-3 0  9999
2 51074  97.5199 127.9224 0015704 113.0310 247.2580 15.14930789  6834
1 51074U 22002CU  22059.13703557  .00007501  00000-0  40472-3 0  9995
2 51074  97.5199 128.3143 0015740 111.8136 248.4772 15.14935848  6894
1 51074U 22002CU  22059.13703557  .00007501  00000-0  40472-3 0  9995
2 51074  97.5199 128.3143 0015740 111.8136 248.4772 15.14935848  6894
1 51074U 22002CU  22059.73149690  .00007332  00000-0  39559-3 0  9999
2 51074  97.5197 128.9021 0015769 109.9860 250.3072 15.14943137  6981
1 51074U 22002CU  22060.19385307  .00006696  00000-0  36156-3 0  9990
2 51074  97.5197 129.3594 0015801 108.4728 251.8222 15.14948663  7056
1 51074U 22002CU  22060.19385307  .00006696  00000-0  36156-3 0  9990
2 51074  97.5197 129.3594 0015801 108.4728 251.8222 15.14948663  7056
1 51074U 22002CU  22060.72225804  .00006688  00000-0  36105-3 0  9999
2 51074  97.5195 129.8819 0015829 106.8164 253.4806 15.14955963  7131
1 51074U 22002CU  22061.44881086  .00005682  00000-0  30724-3 0  9993
2 51074  97.5192 130.6005 0015838 104.5284 255.7706 15.14963602  7248
1 51074U 22002CU  22061.44881086  .00005682  00000-0  30724-3 0  9993
2 51074  97.5192 130.6005 0015838 104.5284 255.7706 15.14963602  7248
1 51074U 22002CU  22061.71301092  .00005003  00000-0  27098-3 0  9994
2 51074  97.5191 130.8617 0015875 103.6969 256.6032 15.14965866  7289
1 51074U 22002CU  22062.43955846  .00005507  00000-0  29778-3 0  9992
2 51074  97.5187 131.5803 0015875 101.3992 258.9024 15.14975114  7395
1 51074U 22002CU  22063.16610216  .00005586  00000-0  30197-3 0  9996
2 51074  97.5183 132.2987 0015858  99.1279 261.1748 15.14983496  7509
1 51074U 22002CU  22063.49634780  .00005141  00000-0  27819-3 0  9998
2 51074  97.5181 132.6253 0015830  98.1298 262.1731 15.14986198  7557
1 51074U 22002CU  22063.69449487  .00005260  00000-0  28453-3 0  9995
2 51074  97.5180 132.8212 0015820  97.5128 262.7902 15.14988726  7585
1 51074U 22002CU  22064.15683585  .00008208  00000-0  44164-3 0  9998
2 51074  97.5179 133.2785 0015804  96.0574 264.2459 15.15000438  7652
1 51074U 22002CU  22064.48707851  .00008685  00000-0  46705-3 0  9999
2 51074  97.5176 133.6050 0015775  95.0854 265.2179 15.15004562  7703
1 51074U 22002CU  22064.61917510  .00008790  00000-0  47261-3 0  9994
2 51074  97.5176 133.7357 0015764  94.6656 265.6377 15.15006937  7721
1 51074U 22002CU  22064.88336737  .00011239  00000-0  60295-3 0  9993
2 51074  97.5174 133.9970 0015748  93.8098 266.4935 15.15014936  7766
1 51074U 22002CU  22065.47779541  .00011984  00000-0  64239-3 0  9992
2 51074  97.5173 134.5847 0015706  91.9672 268.3358 15.15028603  7852
1 51074U 22002CU  22065.87407824  .00010826  00000-0  58065-3 0  9992
2 51074  97.5172 134.9765 0015703  90.6722 269.6310 15.15035506  7912
1 51074U 22002CU  22065.94012504  .00010736  00000-0  57582-3 0  9990
2 51074  97.5171 135.0418 0015682  90.5101 269.7928 15.15037307  7922
1 51074U 22002CU  22066.46849799  .00009904  00000-0  53139-3 0  9991
2 51074  97.5171 135.5643 0015689  88.7583 271.5446 15.15047864  8002
1 51074U 22002CU  22066.73268328  .00009369  00000-0  50281-3 0  9994
2 51074  97.5171 135.8255 0015692  87.8687 272.4342 15.15052880  8046
1 51074U 22002CU  22067.19500502  .00009455  00000-0  50728-3 0  9990
2 51074  97.5172 136.2828 0015719  86.4104 273.8926 15.15062360  8112
1 51074U 22002CU  22067.45918778  .00009322  00000-0  50015-3 0  9999
2 51074  97.5172 136.5441 0015729  85.6195 274.6834 15.15066670  8157
1 51074U 22002CU  22067.72336992  .00008476  00000-0  45509-3 0  9992
2 51074  97.5173 136.8054 0015722  84.8317 275.4709 15.15070390  8199
1 51074U 22002CU  22068.18568653  .00008601  00000-0  46159-3 0  9996
2 51074  97.5172 137.2627 0015746  83.4029 276.8995 15.15078846  8264
1 51074U 22002CU  22068.71404588  .00007615  00000-0  40908-3 0  9991
2 51074  97.5173 137.7853 0015755  81.7917 278.5101 15.15086036  8345
1 51074U 22002CU  22068.84613520  .00006921  00000-0  37213-3 0  9997
2 51074  97.5173 137.9159 0015751  81.3719 278.9297 15.15086938  8361
1 51074U 22002CU  22069.50657943  .00007595  00000-0  40784-3 0  9993
2 51074  97.5171 138.5690 0015741  79.3810 280.9194 15.15098109  8467
1 51074U 22002CU  22069.83679957  .00008041  00000-0  43150-3 0  9995
2 51074  97.5171 138.8956 0015711  78.3394 281.9600 15.15104057  8517
1 51074U 22002CU  22069.83679957  .00008041  00000-0  43150-3 0  9995
2 51074  97.5171 138.8956 0015711  78.3394 281.9600 15.15104057  8517
1 51074U 22002CU  22070.43119166  .00010006  00000-0  53574-3 0  9999
2 51074  97.5170 139.4834 0015653  76.4643 283.8332 15.15118025  8602
1 51074U 22002CU  22070.76140734  .00010234  00000-0  54777-3 0  9999
2 51074  97.5169 139.8100 0015599  75.4075 284.8885 15.15125149  8651
1 51074U 22002CU  22071.15766421  .00011112  00000-0  59424-3 0  9990
2 51074  97.5169 140.2019 0015548  74.0810 286.2134 15.15134672  8713
1 51074U 22002CU  22071.42183345  .00013123  00000-0  70077-3 0  9999
2 51074  97.5168 140.4631 0015488  73.2194 287.0736 15.15143328  8752
1 51074U 22002CU  22071.75204401  .00011357  00000-0  60703-3 0  9994
2 51074  97.5168 140.7898 0015442  72.0952 288.1962 15.15149369  8809
1 51074U 22002CU  22072.41246108  .00009867  00000-0  52778-3 0  9994
2 51074  97.5169 141.4433 0015443  69.7852 290.5039 15.15161532  8905
1 51074U 22002CU  22072.41246108  .00009867  00000-0  52778-3 0  9994
2 51074  97.5169 141.4433 0015443  69.7852 290.5039 15.15161532  8905
1 51074U 22002CU  22072.67662638  .00010631  00000-0  56822-3 0  9997
2 51074  97.5169 141.7046 0015439  68.9610 291.3271 15.15167876  8944
1 51074U 22002CU  22073.13891031  .00017859  00000-0  95060-3 0  9996
2 51074  97.5170 142.1617 0015418  67.5817 292.7047 15.15189551  9015
1 51074U 22002CU  22073.13891031  .00017859  00000-0  95060-3 0  9996
2 51074  97.5170 142.1617 0015418  67.5817 292.7047 15.15189551  9015
1 51074U 22002CU  22073.99743101  .00012040  00000-0  64201-3 0  9994
2 51074  97.5122 143.0187 0016030  63.3588 296.9284 15.15209114  9145
1 51074U 22002CU  22073.99743101  .00012040  00000-0  64201-3 0  9994
2 51074  97.5122 143.0187 0016030  63.3588 296.9284 15.15209114  9145
1 51074U 22002CU  22074.12950159  .00015447  00000-0  82238-3 0  9997
2 51074  97.5152 143.1405 0015212  65.8697 294.3942 15.15217438  9164
1 51074U 22002CU  22074.72385830  .00008470  00000-0  45286-3 0  9991
2 51074  97.5173 143.7290 0015385  62.6591 297.6205 15.15221095  9256